         902
         903
         891
         927
         854
         849
         928
         916
         892
         919
         889
         950
         907
         925
         932
         887
         911
         878
         837
         849
         937
         886
         876
         877
         875
         869
         871
         931
         863
         917
         936
         913
         896
         866
         902
         875
         926
         935
         826
         876
         898
         892
         867
         924
         940
         940
         902
         942
         906
         849
         888
         847
         912
         884
         897
         888
         911
         908
         886
         906
         899
         900
         913
         931
         874
         868
         904
         858
         876
         911
         872
         874
         888
         831
         917
         881
         825
         932
         886
         924
         914
         849
         861
         861
         899
         898
         877
         894
         919
         909
         890
         889
         819
         911
         859
         832
         904
         870
         857
         904
         895
         888
         880
         890
         890
         902
         852
         870
         908
         925
         869
         825
         833
         866
         884
         911
         902
         919
         907
         887
         933
         897
         904
         934
         853
         855
         950
         855
         913
         934
         868
         890
         920
         838
         879
         875
         937
         930
         927
         856
         867
         883
         946
         907
         938
         863
         879
         896
         965
         887
         902
         919
         901
         920
         929
         906
         934
         857
         921
         882
         870
         891
         865
         896
         878
         861
         835
         889
         885
         886
         899
         887
         892
         922
         835
         845
         910
         918
         859
         836
         904
         910
         940
         848
         865
         935
         887
         891
         896
         904
         898
         898
         899
         910
         877
         845
         931
         919
         885
         900
         886
         912
         889
         933
         873
         884
         902
         929
         953
         907
         943
         873
         879
         940
         842
         936
         867
         895
         904
         934
         925
         922
         890
         912
         908
         962
         932
         889
         921
         900
         934
         850
         919
         865
         857
         832
         905
         900
         869
         879
         900
         918
         905
         916
         936
         905
         901
         939
         905
         899
         880
         943
         824
         859
         897
         904
         849
         891
         866
         834
         934
         882
         925
         885
         895
         892
         895
         822
         891
         901
         894
         873
         870
         890
         922
         852
         907
         868
         918
         920
         853
         898
         877
         922
         898
         859
         900
         864
         854
         892
         916
         924
         940
         877
         904
         938
         898
         851
         957
         839
         939
         907
         933
         945
         897
         887
         956
         867
         902
         870
         853
         889
         872
         942
         891
         937
         858
         854
         842
         867
         897
         870
         877
         909
         875
         952
         911
         916
         887
         894
         905
         914
         968
         887
         927
         878
         911
         912
         884
         858
         917
         881
         872
         847
         906
         894
         812
         898
         964
         914
         900
         872
         837
         854
         886
         886
         916
         947
         911
         860
         918
         907
         934
         917
         866
         912
         864
         918
         866
         950
         907
         966
         892
         864
         867
         933
         888
         900
         892
         847
         836
         890
         883
         918
         926
         880
         878
         899
         955
         911
         930
         855
         907
         887
         923
         897
         868
         844
         892
         943
         933
         885
         890
         941
         903
         950
         840
         911
         876
         883
         914
         904
         926
         863
         881
         893
         889
         937
         871
         884
         903
         819
         896
         906
         910
         828
         899
         893
         933
         857
         928
         887
         863
         920
         939
         914
         904
         856
         920
         876
         882
         936
         883
         872
         905
         920
         903
         891
         877
         840
         945
         876
         857
         893
         897
         895
         895
         903
         873
         910
         911
         843
         908
         914
         929
         839
         921
         875
         963
         855
         876
         850
         949
         911
         885
         902
         954
         874
         846
         895
         884
         885
         910
         838
         870
         881
         971
         869
         874
         902
         887
         869
         948
         848
         933
         810
         915
         899
         902
         880
         887
         899
         891
         917
         869
         926
         888
         909
         920
         894
         897
         897
         877
         886
         913
         866
         957
         897
         894
         928
         905
         848
         869
         887
         914
         872
         844
         884
         890
         902
         923
         879
         827
         912
         840
         845
         890
         927
         865
         867
         952
         910
         878
         850
         854
         842
         903
         916
         885
         885
         903
         877
         869
         955
         910
         884
         901
         932
         900
         863
         924
         893
         909
         892
         886
         862
         880
         906
         952
         904
         889
         897
         895
         873
         900
         905
         900
         893
         885
         871
         918
         873
         889
         902
         925
         854
         868
         898
         867
         893
         865
         915
         862
         963
         885
         919
         888
         912
         898
         950
         874
         840
         846
         905
         922
         905
         837
         890
         909
         880
         872
         920
         887
         880
         901
         936
         872
         873
         947
         867
         888
         899
         858
         871
         866
         909
         896
         913
         881
         879
         904
         876
         829
         911
         856
         906
         825
         954
         878
         902
         904
         878
         921
         914
         875
         901
         889
         992
         938
         851
         894
         867
         915
         835
         956
         929
         859
         923
         878
         884
         929
         942
         909
         887
         900
         883
         933
         914
         880
         896
         961
         909
         879
         862
         864
         848
         942
         882
         912
         866
         835
         884
         915
         870
         878
         894
         907
         957
         896
         917
         915
         896
         870
         883
         884
         961
         894
         907
         881
         887
         890
         889
         841
         875
         854
         901
         890
         935
         880
         856
         917
         914
         898
         872
         938
         949
         820
         921
         905
         901
         913
         870
         859
         920
         881
         994
         949
         884
         884
         888
         865
         897
         859
         903
         859
         888
         894
         913
         854
         922
         872
         869
         893
         893
         858
         918
         910
         928
         928
         876
         863
         938
         852
         885
         892
         928
         903
         881
         809
         898
         869
         919
         917
         911
         866
         920
         877
         914
         886
         938
         950
         888
         855
         889
         914
         891
         863
         919
         845
         907
         926
         823
         887
         940
         876
         854
         863
         890
         875
         918
         922
         893
         868
         898
         830
         888
         942
         923
         877
         896
         853
         907
         948
         937
         887
         879
         869
         881
         901
         883
         842
         853
         869
         931
         931
         923
         886
         851
         912
         878
         950
         865
         883
         883
         813
         911
         937
         922
         897
         861
         943
         895
         936
         934
         909
         878
         883
         854
         887
         887
         888
         918
         916
         876
         929
         886
         918
         875
         916
         840
         907
         910
         890
         854
         925
         879
         906
         929
         922
         977
         916
         881
         911
         889
         881
         915
         871
         881
         862
         933
         887
         873
         926
         920
         950
         892
         854
         827
         843
         878
         953
         843
         872
         921
         921
         896
         916
         900
         886
         910
         953
         915
         875
         919
         885
         960
         854
         918
         923
         899
         849
         929
         870
         890
         911
         948
         927
         909
         947
         883
         881
         915
         827
         909
         904
         922
         857
         929
         917
         840
         902
         917
         881
         969
         917
         892
         851
         893
         877
         884
         853
         883
         934
         920
         870
         937
         853
         902
         891
         917
         918
         893
         969
         882
         894
         851
         867
         872
         837
         819
         861
         893
         907
         844
         871
         877
         891
         864
         940
         851
         865
         880
         890
         887
         923
         883
         870
         906
         906
         950
         861
         888
         898
         911
         883
         933
         945
         856
         888
         982
         876
         891
         878
         909
         873
         921
         876
         885
         889
         883
         888
         925
         911
         908
         902
         826
         883
         847
         936
         916
