       4648.7457
       4650.8898
       4653.0285
       4655.1618
       4657.2896
       4659.4120
       4661.5290
       4663.6405
       4665.7466
       4667.8473
       4669.9426
       4672.0325
       4674.1169
       4676.1959
       4678.2696
       4680.3378
       4682.4006
       4684.4580
       4686.5100
       4688.5566
       4690.5978
       4692.6337
       4694.6641
       4696.6892
       4698.7089
       4700.7231
       4702.7321
       4704.7356
       4706.7338
       4708.7266
       4710.7140
       4712.6961
       4714.6728
       4716.6441
       4718.6101
       4720.5708
       4722.5261
       4724.4760
       4726.4206
       4728.3599
       4730.2938
       4732.2224
       4734.1456
       4736.0636
       4737.9761
       4739.8834
       4741.7854
       4743.6820
       4745.5733
       4747.4593
       4749.3400
       4751.2154
       4753.0855
       4754.9503
       4756.8098
       4758.6640
       4760.5130
       4762.3566
       4764.1949
       4766.0280
       4767.8558
       4769.6783
       4771.4956
       4773.3076
       4775.1143
       4776.9157
       4778.7119
       4780.5029
       4782.2886
       4784.0690
       4785.8442
       4787.6142
       4789.3789
       4791.1384
       4792.8927
       4794.6417
       4796.3855
       4798.1241
       4799.8575
       4801.5856
       4803.3086
       4805.0263
       4806.7389
       4808.4462
       4810.1483
       4811.8453
       4813.5371
       4815.2236
       4816.9050
       4818.5812
       4820.2523
       4821.9182
       4823.5789
       4825.2344
       4826.8848
       4828.5300
       4830.1701
       4831.8050
       4833.4348
       4835.0594
       4836.6789
       4838.2933
       4839.9025
       4841.5066
       4843.1056
       4844.6995
       4846.2882
       4847.8719
       4849.4504
       4851.0238
       4852.5921
       4854.1554
       4855.7135
       4857.2665
       4858.8145
       4860.3574
       4861.8952
       4863.4279
       4864.9556
       4866.4782
       4867.9957
       4869.5082
       4871.0156
       4872.5179
       4874.0153
       4875.5076
       4876.9948
       4878.4770
       4879.9542
       4881.4263
       4882.8935
       4884.3556
       4885.8127
       4887.2648
       4888.7119
       4890.1540
       4891.5910
       4893.0231
       4894.4502
       4895.8724
       4897.2895
       4898.7017
       4900.1088
       4901.5111
       4902.9083
       4904.3006
       4905.6879
       4907.0703
       4908.4478
       4909.8203
       4911.1878
       4912.5504
       4913.9081
       4915.2609
       4916.6087
       4917.9516
       4919.2896
       4920.6227
       4921.9509
       4923.2742
       4924.5926
       4925.9061
       4927.2147
       4928.5184
       4929.8173
       4931.1112
       4932.4003
       4933.6846
       4934.9640
       4936.2385
       4937.5081
       4938.7729
       4940.0329
       4941.2880
       4942.5383
       4943.7838
       4945.0244
       4946.2602
       4947.4912
       4948.7173
       4949.9387
       4951.1553
       4952.3670
       4953.5740
       4954.7761
       4955.9735
       4957.1661
       4958.3539
       4959.5370
       4960.7153
       4961.8888
       4963.0575
       4964.2215
       4965.3808
       4966.5353
       4967.6850
       4968.8300
       4969.9703
       4971.1059
       4972.2367
       4973.3628
       4974.4842
       4975.6009
       4976.7129
       4977.8201
       4978.9227
       4980.0206
       4981.1138
       4982.2023
       4983.2862
       4984.3654
       4985.4399
       4986.5097
       4987.5749
       4988.6354
       4989.6913
       4990.7425
       4991.7891
       4992.8310
       4993.8683
       4994.9010
       4995.9291
       4996.9526
       4997.9714
       4998.9856
       4999.9953
       5001.0003
       5002.0007
       5002.9966
       5003.9878
       5004.9745
       5005.9566
       5006.9342
       5007.9071
       5008.8756
       5009.8394
       5010.7987
       5011.7535
       5012.7037
       5013.6494
       5014.5905
       5015.5272
       5016.4593
       5017.3868
       5018.3099
       5019.2285
       5020.1425
       5021.0521
       5021.9572
       5022.8577
       5023.7538
       5024.6455
       5025.5326
       5026.4153
       5027.2935
       5028.1672
       5029.0365
       5029.9014
       5030.7618
       5031.6177
       5032.4693
       5033.3164
       5034.1590
       5034.9973
       5035.8311
       5036.6605
       5037.4856
       5038.3062
       5039.1224
       5039.9342
       5040.7417
       5041.5447
       5042.3434
       5043.1377
       5043.9277
       5044.7133
       5045.4945
       5046.2714
       5047.0439
       5047.8121
       5048.5760
       5049.3355
       5050.0907
       5050.8416
       5051.5881
       5052.3304
       5053.0683
       5053.8019
       5054.5313
       5055.2563
       5055.9771
       5056.6935
       5057.4057
       5058.1137
       5058.8173
       5059.5167
       5060.2119
       5060.9028
       5061.5894
       5062.2718
       5062.9500
       5063.6239
       5064.2936
       5064.9591
       5065.6203
       5066.2774
       5066.9302
       5067.5789
       5068.2233
       5068.8635
       5069.4996
       5070.1315
       5070.7592
       5071.3827
       5072.0021
       5072.6173
       5073.2283
       5073.8352
       5074.4380
       5075.0366
       5075.6311
       5076.2214
       5076.8076
       5077.3897
       5077.9677
       5078.5415
       5079.1113
       5079.6769
       5080.2385
       5080.7959
       5081.3493
       5081.8986
       5082.4438
       5082.9850
       5083.5221
       5084.0551
       5084.5840
       5085.1090
       5085.6298
       5086.1467
       5086.6595
       5087.1682
       5087.6730
       5088.1737
       5088.6704
       5089.1631
       5089.6517
       5090.1364
       5090.6171
       5091.0938
       5091.5665
       5092.0353
       5092.5000
       5092.9608
       5093.4177
       5093.8705
       5094.3194
       5094.7644
       5095.2054
       5095.6425
       5096.0757
       5096.5049
       5096.9302
       5097.3516
       5097.7690
       5098.1826
       5098.5922
       5098.9980
       5099.3998
       5099.7978
       5100.1919
       5100.5821
       5100.9684
       5101.3509
       5101.7295
       5102.1043
       5102.4752
       5102.8422
       5103.2054
       5103.5648
       5103.9203
       5104.2721
       5104.6200
       5104.9640
       5105.3043
       5105.6408
       5105.9734
       5106.3023
       5106.6273
       5106.9486
       5107.2661
       5107.5798
       5107.8898
       5108.1960
       5108.4984
       5108.7971
       5109.0920
       5109.3832
       5109.6706
       5109.9543
       5110.2343
       5110.5106
       5110.7831
       5111.0519
       5111.3170
       5111.5784
       5111.8361
       5112.0901
       5112.3404
       5112.5871
       5112.8300
       5113.0693
       5113.3049
       5113.5369
       5113.7652
       5113.9898
       5114.2108
       5114.4281
       5114.6418
       5114.8519
       5115.0584
       5115.2612
       5115.4604
       5115.6560
       5115.8480
       5116.0364
       5116.2211
       5116.4023
       5116.5799
       5116.7540
       5116.9244
       5117.0913
       5117.2546
       5117.4144
       5117.5705
       5117.7232
       5117.8723
       5118.0178
       5118.1598
       5118.2983
       5118.4333
       5118.5647
       5118.6926
       5118.8170
       5118.9379
       5119.0553
       5119.1692
       5119.2797
       5119.3866
       5119.4900
       5119.5900
       5119.6865
       5119.7795
       5119.8691
       5119.9552
       5120.0379
       5120.1171
       5120.1929
       5120.2653
       5120.3342
       5120.3997
       5120.4618
       5120.5204
       5120.5757
       5120.6275
       5120.6760
       5120.7210
       5120.7627
       5120.8009
       5120.8358
       5120.8674
       5120.8955
       5120.9203
       5120.9417
       5120.9598
       5120.9745
       5120.9859
       5120.9939
       5120.9986
       5121.0000
       5120.9980
       5120.9928
       5120.9842
       5120.9723
       5120.9571
       5120.9386
       5120.9168
       5120.8917
       5120.8634
       5120.8317
       5120.7968
       5120.7586
       5120.7172
       5120.6724
       5120.6245
       5120.5733
       5120.5188
       5120.4611
       5120.4002
       5120.3360
       5120.2686
       5120.1980
       5120.1242
       5120.0471
       5119.9669
       5119.8834
       5119.7968
       5119.7070
       5119.6140
       5119.5178
       5119.4184
       5119.3159
       5119.2102
       5119.1013
       5118.9893
       5118.8741
       5118.7558
       5118.6344
       5118.5098
       5118.3821
       5118.2512
       5118.1173
       5117.9802
       5117.8400
       5117.6967
       5117.5503
       5117.4008
       5117.2482
       5117.0926
       5116.9338
       5116.7720
       5116.6071
       5116.4391
       5116.2681
       5116.0940
       5115.9169
       5115.7367
       5115.5534
       5115.3672
       5115.1779
       5114.9856
       5114.7902
       5114.5918
       5114.3905
       5114.1861
       5113.9787
       5113.7683
       5113.5549
       5113.3385
       5113.1192
       5112.8968
       5112.6715
       5112.4433
       5112.2120
       5111.9778
       5111.7407
       5111.5006
       5111.2575
       5111.0115
       5110.7626
       5110.5107
       5110.2559
       5109.9982
       5109.7376
       5109.4741
       5109.2076
       5108.9383
       5108.6661
       5108.3909
       5108.1129
       5107.8320
       5107.5482
       5107.2616
       5106.9720
       5106.6797
       5106.3844
       5106.0863
       5105.7854
       5105.4816
       5105.1750
       5104.8655
       5104.5532
       5104.2381
       5103.9201
       5103.5994
       5103.2758
       5102.9494
       5102.6202
       5102.2883
       5101.9535
       5101.6159
       5101.2756
       5100.9325
       5100.5866
       5100.2379
       5099.8865
       5099.5323
       5099.1754
       5098.8157
       5098.4533
       5098.0881
       5097.7202
       5097.3496
       5096.9762
       5096.6001
       5096.2213
       5095.8398
       5095.4556
       5095.0687
       5094.6790
       5094.2867
       5093.8917
       5093.4940
       5093.0937
       5092.6906
       5092.2849
       5091.8765
       5091.4655
       5091.0518
       5090.6354
       5090.2164
       5089.7948
       5089.3705
       5088.9436
       5088.5140
       5088.0819
       5087.6471
       5087.2097
       5086.7697
       5086.3270
       5085.8818
       5085.4340
       5084.9836
       5084.5306
       5084.0750
       5083.6169
       5083.1561
       5082.6928
       5082.2270
       5081.7586
       5081.2876
       5080.8140
       5080.3380
       5079.8593
       5079.3782
       5078.8945
       5078.4083
       5077.9195
       5077.4283
       5076.9345
       5076.4382
       5075.9394
       5075.4381
       5074.9343
       5074.4281
       5073.9193
       5073.4080
       5072.8943
       5072.3781
       5071.8594
       5071.3383
       5070.8147
       5070.2886
       5069.7601
       5069.2292
       5068.6958
       5068.1599
       5067.6217
       5067.0810
       5066.5378
       5065.9923
       5065.4443
       5064.8939
       5064.3412
       5063.7860
       5063.2284
       5062.6684
       5062.1060
       5061.5413
       5060.9742
       5060.4046
       5059.8328
       5059.2585
       5058.6819
       5058.1029
       5057.5216
       5056.9379
       5056.3519
       5055.7635
       5055.1728
       5054.5798
       5053.9844
       5053.3868
       5052.7868
       5052.1844
       5051.5798
       5050.9729
       5050.3636
       5049.7521
       5049.1383
       5048.5221
       5047.9037
       5047.2830
       5046.6601
       5046.0348
       5045.4073
       5044.7776
       5044.1456
       5043.5113
       5042.8747
       5042.2360
       5041.5949
       5040.9517
       5040.3062
       5039.6585
       5039.0085
       5038.3564
       5037.7020
       5037.0454
       5036.3866
       5035.7256
       5035.0624
       5034.3970
       5033.7294
       5033.0596
       5032.3877
       5031.7135
       5031.0372
       5030.3587
       5029.6781
       5028.9953
       5028.3103
       5027.6232
       5026.9339
       5026.2425
       5025.5490
       5024.8533
       5024.1555
       5023.4555
       5022.7535
       5022.0493
       5021.3430
       5020.6345
       5019.9240
       5019.2114
       5018.4967
       5017.7798
       5017.0609
       5016.3399
       5015.6168
       5014.8917
       5014.1645
       5013.4352
       5012.7038
       5011.9704
       5011.2349
       5010.4973
       5009.7577
       5009.0161
       5008.2724
       5007.5267
       5006.7789
       5006.0292
       5005.2774
       5004.5235
       5003.7677
       5003.0098
       5002.2500
       5001.4881
       5000.7242
       4999.9584
       4999.1905
       4998.4207
       4997.6488
       4996.8750
       4996.0992
       4995.3215
       4994.5417
       4993.7601
       4992.9764
       4992.1908
       4991.4032
       4990.6137
       4989.8222
       4989.0289
       4988.2335
       4987.4362
       4986.6370
       4985.8359
       4985.0329
       4984.2279
       4983.4211
       4982.6123
       4981.8016
       4980.9890
       4980.1745
       4979.3581
       4978.5399
       4977.7197
       4976.8977
       4976.0738
       4975.2480
       4974.4203
       4973.5908
       4972.7594
       4971.9262
       4971.0911
       4970.2541
       4969.4153
       4968.5747
       4967.7322
       4966.8879
       4966.0418
       4965.1938
       4964.3440
       4963.4924
       4962.6390
       4961.7837
       4960.9267
       4960.0678
       4959.2072
       4958.3447
       4957.4805
       4956.6145
       4955.7466
       4954.8770
       4954.0057
       4953.1325
       4952.2576
       4951.3809
       4950.5025
       4949.6223
       4948.7403
       4947.8566
       4946.9711
       4946.0839
       4945.1950
       4944.3043
       4943.4119
       4942.5177
       4941.6219
       4940.7243
       4939.8250
       4938.9240
       4938.0212
       4937.1168
       4936.2107
       4935.3028
       4934.3933
       4933.4821
       4932.5692
       4931.6546
       4930.7383
       4929.8203
       4928.9007
       4927.9794
       4927.0565
       4926.1318
       4925.2056
       4924.2776
       4923.3480
       4922.4168
       4921.4839
       4920.5494
       4919.6133
       4918.6755
       4917.7360
       4916.7950
       4915.8523
       4914.9081
       4913.9622
       4913.0146
       4912.0655
       4911.1148
       4910.1625
       4909.2086
       4908.2531
       4907.2960
       4906.3373
       4905.3770
       4904.4151
       4903.4517
       4902.4867
       4901.5202
       4900.5520
       4899.5823
       4898.6111
       4897.6383
       4896.6639
       4895.6880
       4894.7106
       4893.7316
       4892.7511
       4891.7690
       4890.7854
       4889.8003
       4888.8137
       4887.8255
       4886.8359
       4885.8447
       4884.8520
       4883.8578
       4882.8621
       4881.8649
       4880.8662
       4879.8660
       4878.8643
       4877.8612
       4876.8566
       4875.8504
       4874.8428
       4873.8338
       4872.8233
       4871.8113
       4870.7978
       4869.7829
       4868.7666
       4867.7487
       4866.7295
       4865.7088
       4864.6866
       4863.6631
       4862.6380
       4861.6116
       4860.5837
       4859.5544
       4858.5237
       4857.4916
       4856.4580
       4855.4231
       4854.3867
       4853.3490
       4852.3098
       4851.2693
       4850.2273
       4849.1840
       4848.1392
       4847.0931
       4846.0456
       4844.9968
       4843.9465
       4842.8949
       4841.8419
       4840.7876
       4839.7319
       4838.6748
       4837.6164
       4836.5567
       4835.4955
       4834.4331
       4833.3693
       4832.3042
       4831.2377
       4830.1699
       4829.1008
       4828.0303
       4826.9586
       4825.8855
       4824.8111
       4823.7354
       4822.6584
       4821.5800
       4820.5004
       4819.4195
       4818.3373
       4817.2537
       4816.1689
       4815.0829
       4813.9955
       4812.9068
       4811.8169
       4810.7257
       4809.6332
       4808.5395
       4807.4445
       4806.3483
       4805.2507
       4804.1520
       4803.0520
       4801.9507
       4800.8482
       4799.7444
       4798.6394
       4797.5332
       4796.4257
       4795.3171
       4794.2071
       4793.0960
       4791.9836
       4790.8701
       4789.7553
       4788.6393
       4787.5221
       4786.4037
       4785.2841
       4784.1632
       4783.0412
       4781.9180
       4780.7937
       4779.6681
       4778.5413
       4777.4134
       4776.2843
       4775.1540
       4774.0226
       4772.8899
       4771.7561
       4770.6212
       4769.4851
       4768.3478
       4767.2094
       4766.0699
       4764.9291
       4763.7873
       4762.6443
       4761.5002
       4760.3549
       4759.2085
       4758.0610
       4756.9123
       4755.7625
       4754.6116
       4753.4596
       4752.3065
