Chart Recorder Data File Tue, Mar 15, 2022 11:46 AM
CH1 (V)  	CH2 (V)  
-0.281074219	0.023437500
-0.281074219	0.018066406
-0.281074219	0.022460937
-0.281074219	0.018066406
-0.171767578	0.025878906
-0.046845703	0.019042969
-0.000000000	0.021972656
0.031230469	0.018554687
0.031230469	0.024414062
0.031230469	0.018554687
0.015615234	0.037109375
0.031230469	0.028320312
0.062460938	0.029296875
0.109306641	0.022460937
0.109306641	0.024902344
0.109306641	0.020507812
0.124921875	0.022949219
0.140537109	0.019042969
0.171767578	0.020019531
0.187382812	0.019042969
0.218613281	0.026855469
0.218613281	0.018554687
0.249843750	0.021972656
0.265458984	0.018554687
0.281074219	0.020996094
0.312304688	0.019042969
0.343535156	0.022460937
0.359150391	0.018554687
0.359150391	0.022460937
0.359150391	0.019042969
0.374765625	0.022949219
0.405996094	0.019042969
0.405996094	0.019042969
0.437226562	0.018554687
0.452841797	0.022949219
0.515302734	0.018554687
0.546533203	0.020507812
0.577763672	0.018554687
0.608994141	0.022949219
0.640224609	0.018554687
0.718300781	0.023925781
0.733916016	0.019042969
0.749531250	0.020019531
0.765146484	0.018554687
0.780761719	0.023437500
0.796376953	0.019042969
0.843222656	0.022949219
0.858837891	0.019042969
0.874453125	0.016601562
0.890068359	0.019042969
0.905683594	0.021972656
0.905683594	0.018554687
0.936914062	0.023437500
0.936914062	0.018554687
0.968144531	0.019042969
0.968144531	0.019531250
0.999375000	0.022949219
1.030605469	0.019531250
1.077451172	0.022460937
1.108681641	0.019531250
1.108681641	0.024902344
1.124296875	0.019042969
1.139912109	0.025390625
1.139912109	0.019531250
1.155527344	0.020507812
1.202373047	0.019042969
1.249218750	0.024902344
1.264833984	0.019042969
1.296064453	0.022949219
1.296064453	0.019042969
1.342910156	0.023925781
1.374140625	0.019042969
1.389755859	0.023437500
1.452216797	0.019042969
1.483447266	0.024902344
1.483447266	0.019042969
1.483447266	0.020996094
1.483447266	0.019042969
1.483447266	0.027343750
1.514677734	0.019531250
1.545908203	0.020996094
1.561523437	0.019531250
1.577138672	0.023437500
1.608369141	0.020019531
1.655214844	0.020507812
1.670830078	0.020019531
1.670830078	0.023437500
1.686445313	0.019531250
1.717675781	0.022460937
1.717675781	0.020019531
1.733291016	0.023925781
1.748906250	0.019531250
1.780136719	0.020507812
1.780136719	0.019531250
1.811367187	0.021972656
1.811367187	0.020019531
1.826982422	0.018554687
1.858212891	0.020019531
1.889443359	0.022949219
1.905058594	0.020019531
1.905058594	0.022460937
1.905058594	0.020019531
1.905058594	0.023925781
1.936289062	0.020019531
1.936289062	0.023925781
1.967519531	0.020019531
1.998750000	0.021484375
1.998750000	0.019531250
1.998750000	0.022460937
2.029980469	0.020019531
2.045595703	0.022460937
2.076826172	0.020507812
2.076826172	0.023925781
2.076826172	0.019531250
2.108056641	0.022949219
2.139287109	0.021484375
2.108056641	0.023925781
2.139287109	0.022949219
2.139287109	0.026367187
2.154902344	0.020996094
2.154902344	0.022460937
2.217363281	0.020507812
2.232978516	0.022949219
2.232978516	0.020996094
2.264208984	0.029296875
2.295439453	0.020019531
2.311054687	0.018066406
2.357900391	0.020507812
2.389130859	0.026855469
2.404746094	0.020507812
2.420361328	0.024902344
2.420361328	0.020507812
2.451591797	0.026367187
2.467207031	0.021484375
2.482822266	0.023437500
2.482822266	0.020996094
2.498437500	0.024902344
2.498437500	0.021484375
2.514052734	0.025390625
2.529667969	0.021484375
2.529667969	0.023437500
2.576513672	0.020996094
2.592128906	0.023925781
2.592128906	0.022949219
2.592128906	0.029785156
2.607744141	0.022460937
2.623359375	0.025390625
2.654589844	0.020996094
2.685820312	0.021484375
2.701435547	0.020507812
2.732666016	0.027343750
2.732666016	0.022949219
2.779511719	0.028808594
2.779511719	0.023437500
2.841972656	0.025390625
2.841972656	0.022949219
2.826357422	0.030273437
2.873203125	0.023925781
2.935664062	0.024414062
2.951279297	0.022460937
2.966894531	0.026367187
2.966894531	0.024414062
2.998125000	0.025878906
3.044970703	0.024902344
3.044970703	0.028808594
3.060585937	0.024414062
3.076201172	0.030761719
3.091816406	0.025390625
3.091816406	0.025390625
3.123046875	0.024902344
3.154277344	0.029785156
3.169892578	0.025390625
3.185507813	0.028320312
3.201123047	0.030273437
3.216738281	0.031250000
3.232353516	0.026367187
3.263583984	0.026855469
3.294814453	0.026367187
3.279199219	0.028320312
3.310429688	0.025390625
3.341660156	0.028808594
3.372890625	0.027343750
3.388505859	0.030273437
3.404121094	0.026367187
3.419736328	0.032714844
3.435351562	0.027832031
3.435351562	0.030761719
3.450966797	0.028320312
3.450966797	0.033203125
3.482197266	0.027343750
3.513427734	0.027343750
3.544658203	0.029785156
3.560273437	0.025390625
3.591503906	0.029785156
3.591503906	0.030761719
3.607119141	0.029785156
3.638349609	0.035156250
3.638349609	0.027832031
3.653964844	0.032226562
3.669580078	0.030273437
3.700810547	0.028808594
3.700810547	0.030273437
3.732041016	0.038574219
3.732041016	0.030273437
3.763271484	0.032226562
3.778886719	0.033691406
3.778886719	0.031738281
3.794501953	0.033691406
3.794501953	0.037109375
3.810117187	0.033691406
3.856962891	0.033203125
3.872578125	0.031738281
3.872578125	0.035156250
3.903808594	0.032226562
3.903808594	0.040527344
3.935039063	0.034667969
3.997500000	0.040527344
4.013115234	0.030761719
4.013115234	0.038085937
4.059960937	0.035644531
4.059960937	0.039062500
4.075576172	0.032714844
4.059960937	0.039062500
4.091191406	0.037597656
4.091191406	0.038574219
4.106806641	0.037597656
4.122421875	0.037597656
4.138037109	0.037109375
4.153652344	0.043457031
4.184882812	0.038085937
4.262958984	0.040527344
4.262958984	0.040039062
4.278574219	0.045898437
4.278574219	0.040039062
4.309804687	0.042480469
4.341035156	0.039062500
4.372265625	0.044433594
4.387880859	0.041503906
4.387880859	0.045410156
4.419111328	0.042968750
4.465957031	0.043945312
4.497187500	0.045898437
4.497187500	0.049316406
4.512802734	0.043457031
4.559648437	0.047851562
4.590878906	0.047851562
4.590878906	0.049804687
4.622109375	0.046875000
4.653339844	0.049316406
4.715800781	0.049316406
4.731416016	0.050781250
4.747031250	0.054199219
4.762646484	0.054199219
4.793876953	0.051269531
4.809492188	0.058105469
4.825107422	0.052246094
4.871953125	0.058105469
4.887568359	0.053710937
4.903183594	0.055664062
4.903183594	0.058593750
4.918798828	0.058105469
4.934414063	0.062500000
4.965644531	0.057617187
4.996875000	0.058105469
5.043720703	0.063476562
5.074951172	0.061523437
5.074951172	0.063476562
5.106181641	0.060546875
5.121796875	0.065429687
5.137412109	0.058593750
5.153027344	0.064453125
5.153027344	0.065429687
5.231103516	0.065917969
5.231103516	0.065917969
5.277949219	0.067871094
5.309179688	0.066894531
5.309179688	0.069335937
5.356025391	0.066894531
5.418486328	0.071289062
5.434101562	0.071289062
5.512177734	0.072753906
5.512177734	0.076171875
5.512177734	0.072265625
5.527792969	0.069824219
5.543408203	0.071777344
5.574638672	0.069824219
5.605869141	0.071289062
5.621484375	0.070312500
5.683945312	0.070800781
5.683945312	0.067382812
5.699560547	0.069824219
5.730791016	0.067871094
5.730791016	0.068847656
5.777636719	0.065917969
5.793251953	0.068359375
5.824482422	0.067382812
5.840097656	0.067871094
5.871328125	0.067382812
5.871328125	0.067382812
5.871328125	0.067382812
5.871328125	0.066894531
5.949404297	0.064453125
5.965019531	0.066406250
5.980634766	0.063964844
5.980634766	0.065429687
6.043095703	0.062988281
6.058710937	0.064941406
6.058710937	0.063964844
6.058710937	0.063964844
6.089941406	0.062500000
6.089941406	0.063476562
6.136787109	0.062988281
6.183632812	0.063476562
6.199248047	0.064453125
6.230478516	0.063964844
6.246093750	0.061035156
6.292939453	0.061035156
6.339785156	0.057617187
6.386630859	0.059082031
6.402246094	0.058105469
6.417861328	0.058105469
6.449091797	0.057128906
6.464707031	0.057128906
6.464707031	0.056152344
6.464707031	0.056152344
6.464707031	0.055175781
6.511552734	0.056152344
6.527167969	0.053710937
6.558398438	0.055664062
6.589628906	0.054687500
6.589628906	0.054199219
6.605244141	0.054687500
6.620859375	0.054199219
6.667705078	0.054199219
6.698935547	0.053222656
6.714550781	0.052246094
6.730166016	0.052246094
6.777011719	0.050292969
6.823857422	0.052246094
6.886318359	0.050292969
6.886318359	0.051757812
6.901933594	0.055664062
6.917548828	0.051757812
6.948779297	0.051269531
6.964394531	0.051757812
6.964394531	0.056152344
6.980009766	0.051757812
7.011240234	0.054687500
7.011240234	0.051269531
7.058085937	0.055175781
7.073701172	0.050781250
7.073701172	0.049804687
7.104931641	0.051269531
7.136162109	0.054687500
7.183007812	0.050781250
7.198623047	0.052246094
7.198623047	0.051269531
7.229853516	0.052246094
7.261083984	0.051757812
7.261083984	0.052246094
7.276699219	0.051269531
7.339160156	0.051757812
7.354775391	0.051757812
7.370390625	0.056640625
7.370390625	0.051269531
7.432851562	0.054199219
7.432851562	0.052734375
7.448466797	0.050292969
7.479697266	0.053222656
7.557773437	0.050292969
7.557773437	0.053710937
7.557773437	0.052734375
7.557773437	0.054687500
7.604619141	0.054199219
7.604619141	0.055664062
7.620234375	0.056640625
7.604619141	0.056152344
7.604619141	0.052734375
7.667080078	0.055664062
7.667080078	0.059082031
7.729541016	0.057128906
7.745156250	0.060546875
7.745156250	0.057617187
7.760771484	0.055664062
7.792001953	0.058105469
7.792001953	0.059570312
7.823232422	0.059082031
7.870078125	0.063964844
7.901308594	0.060546875
7.948154297	0.061523437
7.979384766	0.061523437
8.026230469	0.064941406
8.073076172	0.063964844
8.057460938	0.067382812
8.088691406	0.064453125
8.119921875	0.066406250
8.135537109	0.066406250
8.151152344	0.069335937
8.166767578	0.066406250
8.213613281	0.066894531
8.260458984	0.069824219
8.260458984	0.072753906
8.276074219	0.069824219
8.307304688	0.074218750
8.369765625	0.071777344
8.400996094	0.073242187
8.432226563	0.071777344
8.463457031	0.077148437
8.510302734	0.078613281
8.557148438	0.086425781
8.603994141	0.083496094
8.666455078	0.089355469
8.697685547	0.087402344
8.728916016	0.089843750
8.775761719	0.090332031
8.791376953	0.095214844
8.838222656	0.093261719
8.916298828	0.093750000
8.978759766	0.098144531
8.994375000	0.099121094
9.025605469	0.103515625
9.072451172	0.108398437
9.088066406	0.107910156
9.212988281	0.110839844
9.212988281	0.115234375
9.306679687	0.125976562
9.384755859	0.130371094
9.447216797	0.145507812
9.540908203	0.148437500
9.572138672	0.157226562
9.572138672	0.147949219
9.603369141	0.145507812
9.634599609	0.144042969
9.650214844	0.144042969
9.665830078	0.139648437
9.665830078	0.142578125
9.681445312	0.139648437
9.743906250	0.144042969
9.790751953	0.141113281
9.853212891	0.147949219
9.868828125	0.146484375
9.884443359	0.150878906
9.993750000	0.150390625
10.024980469	0.156738281
10.024980469	0.155273437
10.024980469	0.157714844
10.009365234	0.155761719
10.024980469	0.158691406
10.040595703	0.156250000
10.040595703	0.159179687
10.134287109	0.159667969
10.149902344	0.162597656
10.196748047	0.159179687
10.227978516	0.162109375
10.227978516	0.161132812
10.259208984	0.162597656
10.321669922	0.159179687
10.306054687	0.160156250
10.446591797	0.155273437
10.540283203	0.152832031
10.555898437	0.141601562
10.540283203	0.145019531
10.555898437	0.140136719
10.571513672	0.143066406
10.633974609	0.137207031
10.680820312	0.137695312
10.712050781	0.132324219
10.727666016	0.132324219
10.743281250	0.128417969
10.852587891	0.128417969
10.883818359	0.123046875
10.883818359	0.124023437
10.883818359	0.119140625
10.915048828	0.121093750
10.977509766	0.116210937
11.008740234	0.116210937
11.024355469	0.110839844
11.024355469	0.112792969
11.055585938	0.110351562
11.102431641	0.110839844
11.164892578	0.109375000
11.211738281	0.108398437
11.289814453	0.101074219
11.336660156	0.100097656
11.399121094	0.092285156
11.430351563	0.095214844
11.461582031	0.090332031
11.477197266	0.092773437
11.508427734	0.090820312
11.570888672	0.091308594
11.586503906	0.085449219
11.633349609	0.089843750
11.633349609	0.086425781
11.664580078	0.088378906
11.711425781	0.083496094
11.727041016	0.086914062
11.805117188	0.085449219
11.883193359	0.086425781
11.914423828	0.086914062
11.976884766	0.086425781
12.086191406	0.082519531
12.133037109	0.086914062
12.226728516	0.080078125
12.273574219	0.088378906
12.273574219	0.086914062
12.304804687	0.089355469
12.304804687	0.085449219
12.351650391	0.090332031
12.445341797	0.089843750
12.460957031	0.092773437
12.492187500	0.088378906
12.585878906	0.095703125
12.617109375	0.100585937
12.663955078	0.099121094
12.695185547	0.098632812
12.773261719	0.102539062
12.804492187	0.102050781
12.820107422	0.105957031
12.835722656	0.101562500
12.945029297	0.109375000
12.976259766	0.109863281
13.007490234	0.114257812
13.023105469	0.112304687
13.132412109	0.118652344
13.116796875	0.115722656
13.163642578	0.123046875
13.241718750	0.125000000
13.288564453	0.128906250
13.351025391	0.130859375
13.382255859	0.135742187
13.460332031	0.139648437
13.491562500	0.142089844
13.522792969	0.141601562
13.569638672	0.148925781
13.632099609	0.146484375
13.632099609	0.155761719
13.694560547	0.159667969
13.694560547	0.161621094
13.725791016	0.157226562
13.757021484	0.166015625
13.757021484	0.163574219
13.881943359	0.170898437
14.006865234	0.172851562
14.022480469	0.183105469
14.038095703	0.185546875
14.084941406	0.190429687
14.147402344	0.190429687
14.194248047	0.200195312
14.225478516	0.197265625
14.319169922	0.208496094
14.319169922	0.217773437
14.350400391	0.217773437
14.366015625	0.218261719
14.397246094	0.223144531
14.428476563	0.222656250
14.490937500	0.230468750
14.506552734	0.227050781
14.506552734	0.234375000
14.506552734	0.232421875
14.600244141	0.238769531
14.647089844	0.239257812
14.662705078	0.246582031
14.678320313	0.247558594
14.772011719	0.253417969
14.818857422	0.257324219
14.834472656	0.263183594
14.850087891	0.262207031
14.865703125	0.269042969
14.912548828	0.270996094
14.928164063	0.273925781
14.990625000	0.272949219
14.990625000	0.278320312
15.099931641	0.278320312
15.131162109	0.282714844
15.131162109	0.283691406
15.146777344	0.285644531
15.209238281	0.280273437
15.224853516	0.285156250
15.240468750	0.286132812
15.287314453	0.285156250
15.318544922	0.280273437
15.365390625	0.280761719
15.365390625	0.270996094
15.365390625	0.276367187
15.412236328	0.270507812
15.443466797	0.270996094
15.505927734	0.261230469
15.521542969	0.262695312
15.537158203	0.257324219
15.552773437	0.257324219
15.646464844	0.251953125
15.646464844	0.247558594
15.677695312	0.243164062
15.849462891	0.238769531
15.927539062	0.226562500
15.911923828	0.222167969
15.927539062	0.214843750
15.927539062	0.217285156
15.927539062	0.213867187
15.974384766	0.213867187
16.005615234	0.208496094
16.114921875	0.203125000
16.146152344	0.196289062
16.161767578	0.192382812
16.239843750	0.182617187
16.224228516	0.183105469
16.239843750	0.179687500
16.224228516	0.179199219
16.224228516	0.177246094
16.224228516	0.178710937
16.224228516	0.176269531
16.224228516	0.178222656
16.224228516	0.176269531
16.224228516	0.178710937
16.239843750	0.178710937
16.349150391	0.176269531
16.567763672	0.165527344
16.645839844	0.162597656
16.739531250	0.156250000
16.880068359	0.152832031
16.895683594	0.141113281
16.942529297	0.145996094
16.989375000	0.138183594
17.067451172	0.143554687
17.145527344	0.144042969
17.207988281	0.142578125
17.317294922	0.142089844
17.426601563	0.145996094
17.489062500	0.145996094
17.598369141	0.150390625
17.660830078	0.149902344
17.754521484	0.156250000
17.785751953	0.159179687
17.879443359	0.163085937
17.879443359	0.160156250
17.941904297	0.170898437
17.988750000	0.169921875
18.066826172	0.176269531
18.129287109	0.176269531
18.160517578	0.184570312
18.269824219	0.185546875
18.316669922	0.194824219
18.379130859	0.200195312
18.441591797	0.205078125
18.519667969	0.208007812
18.582128906	0.217773437
18.691435547	0.224609375
18.753896484	0.230957031
18.769511719	0.234863281
18.847587891	0.242675781
18.878818359	0.246093750
18.941279297	0.251464844
19.034970703	0.255371094
19.066201172	0.264648437
19.128662109	0.270507812
19.159892578	0.275878906
19.222353516	0.275390625
19.253583984	0.287597656
19.331660156	0.288085937
19.425351563	0.301757812
19.487812500	0.309082031
19.597119141	0.320312500
19.612734375	0.324218750
19.628349609	0.332519531
19.659580078	0.336914062
19.753271484	0.340820312
19.768886719	0.340820312
19.753271484	0.349609375
19.846962891	0.352539062
19.846962891	0.355957031
19.878193359	0.357421875
19.909423828	0.360351562
19.940654297	0.365722656
20.034345703	0.364257812
20.128037109	0.364746094
20.174882812	0.366699219
20.331035156	0.365234375
20.346650391	0.363769531
20.362265625	0.363769531
20.393496094	0.360351562
20.440341797	0.357910156
20.502802734	0.354980469
20.580878906	0.349609375
20.596494141	0.345703125
20.596494141	0.344238281
20.627724609	0.338867187
20.658955078	0.333007812
20.768261719	0.332031250
20.799492188	0.322265625
20.815107422	0.318359375
20.830722656	0.313964844
20.893183594	0.309082031
20.955644531	0.301269531
20.986875000	0.297851562
21.049335938	0.287597656
21.143027344	0.281250000
21.221103516	0.271972656
21.283564453	0.264160156
21.346025391	0.256347656
21.377255859	0.250000000
21.424101562	0.247070312
21.470947266	0.239746094
21.533408203	0.235351562
21.689560547	0.230957031
21.767636719	0.219726562
21.783251953	0.216308594
21.814482422	0.209472656
21.892558594	0.209960937
22.001865234	0.207031250
22.126787109	0.206054687
22.142402344	0.204101562
22.204863281	0.203125000
22.267324219	0.197753906
22.329785156	0.199707031
22.407861328	0.198730469
22.470322266	0.199707031
22.610859375	0.203125000
22.642089844	0.205078125
22.688935547	0.202148437
22.782626953	0.208496094
22.813857422	0.207519531
22.845087891	0.213378906
22.907548828	0.211914062
22.954394531	0.215820312
23.001240234	0.217773437
23.048085937	0.221679687
23.079316406	0.222167969
23.188623047	0.227539062
23.219853516	0.230468750
23.297929687	0.236328125
23.344775391	0.238281250
23.391621094	0.240722656
23.391621094	0.245117187
23.454082031	0.250000000
23.469697266	0.250976562
23.547773437	0.257324219
23.625849609	0.260253906
23.688310547	0.265625000
23.766386719	0.273437500
23.813232422	0.280761719
23.828847656	0.283203125
23.891308594	0.286621094
24.031845703	0.294921875
24.141152344	0.308593750
24.172382813	0.313964844
24.203613281	0.321777344
24.234843750	0.325195312
24.281689453	0.331054687
24.344150391	0.334472656
24.390996094	0.341308594
24.500302734	0.348632812
24.562763672	0.354003906
24.640839844	0.364257812
24.703300781	0.370117187
24.703300781	0.376464844
24.718916016	0.381835937
24.734531250	0.382324219
24.765761719	0.384765625
24.781376953	0.386230469
24.859453125	0.391601562
24.890683594	0.393066406
24.890683594	0.394531250
24.921914063	0.395507812
24.937529297	0.400390625
24.984375000	0.399902344
24.968759766	0.400878906
24.999990234	0.400878906
25.046835937	0.400390625
25.078066406	0.402343750
25.093681641	0.402343750
25.109296875	0.404296875
25.140527344	0.405273437
25.187373047	0.405273437
25.187373047	0.403808594
25.265449219	0.405761719
25.327910156	0.401855469
25.359140625	0.405761719
25.390371094	0.402832031
25.421601563	0.404785156
25.499677734	0.402343750
25.530908203	0.401855469
25.546523437	0.399414062
25.562138672	0.398925781
25.655830078	0.398437500
25.671445313	0.395996094
25.687060547	0.392578125
25.702675781	0.392089844
25.718291016	0.390625000
25.780751953	0.386718750
25.796367187	0.382324219
25.811982422	0.380371094
25.811982422	0.380859375
25.811982422	0.377929687
25.811982422	0.372070312
25.811982422	0.377929687
25.811982422	0.374511719
25.811982422	0.377441406
26.046210937	0.371582031
26.155517578	0.359375000
26.296054687	0.345214844
26.374130859	0.333984375
26.389746094	0.325195312
26.436591797	0.319824219
26.499052734	0.306640625
26.623974609	0.306640625
26.733281250	0.303222656
26.748896484	0.293457031
26.889433594	0.287597656
27.076816406	0.281250000
27.076816406	0.277343750
27.076816406	0.272460937
27.139277344	0.268554687
27.139277344	0.267578125
27.232968750	0.270507812
27.311044922	0.264648437
27.342275391	0.265136719
27.420351562	0.262695312
27.467197266	0.258789062
27.560888672	0.262207031
27.592119141	0.260742187
27.717041016	0.262695312
27.763886719	0.264160156
27.795117188	0.264160156
27.873193359	0.258789062
27.920039062	0.266113281
27.935654297	0.265625000
28.029345703	0.270019531
28.107421875	0.269531250
28.107421875	0.273437500
28.154267578	0.273925781
28.201113281	0.276855469
28.263574219	0.272949219
28.326035156	0.283203125
28.341650391	0.284179687
28.372880859	0.286621094
28.419726562	0.293945312
28.482187500	0.291015625
28.497802734	0.292480469
28.544648438	0.296386719
28.575878906	0.292480469
28.669570312	0.302246094
28.685185547	0.308105469
28.732031250	0.310546875
28.763261719	0.311523437
28.778876953	0.315917969
28.794492188	0.316894531
28.810107422	0.318847656
28.903798828	0.323730469
28.919414062	0.327636719
28.935029297	0.324707031
28.981875000	0.333007812
29.028720703	0.338378906
29.044335937	0.338867187
29.106796875	0.343261719
29.106796875	0.346191406
29.216103516	0.349609375
29.278564453	0.357910156
29.325410156	0.357421875
29.372255859	0.367187500
29.419101562	0.367675781
29.419101562	0.375000000
29.528408203	0.379882812
29.559638672	0.384765625
29.575253906	0.387695312
29.747021484	0.396484375
29.825097656	0.403320312
29.825097656	0.408691406
29.856328125	0.412597656
29.950019531	0.417968750
29.965634766	0.422851562
30.028095703	0.426757812
30.121787109	0.432128906
30.168632813	0.434570312
30.277939453	0.435546875
30.356015625	0.439453125
30.402861328	0.437500000
30.527783203	0.442382812
30.574628906	0.439453125
30.730781250	0.438476562
30.762011719	0.434082031
30.777626953	0.433105469
30.793242187	0.431640625
30.793242187	0.432617187
30.808857422	0.429687500
30.840087891	0.428710937
30.902548828	0.426269531
30.933779297	0.425292969
30.980625000	0.421386719
31.105546875	0.420410156
31.152392578	0.416015625
31.168007813	0.416503906
31.152392578	0.413574219
31.183623047	0.410156250
31.214853516	0.409179687
31.261699219	0.405273437
31.292929687	0.397949219
31.355390625	0.400878906
31.620849609	0.392578125
31.667695313	0.381347656
31.667695313	0.378417969
31.667695313	0.372558594
31.667695313	0.369628906
31.667695313	0.371582031
31.667695313	0.368164062
31.667695313	0.369628906
31.667695313	0.365722656
31.667695313	0.370117187
31.667695313	0.375488281
31.683310547	0.370117187
31.667695313	0.369628906
31.667695313	0.370605469
31.683310547	0.367675781
31.667695313	0.370605469
31.667695313	0.364746094
31.667695313	0.368652344
31.667695313	0.364257812
31.667695313	0.365722656
31.683310547	0.362304687
31.667695313	0.356933594
31.667695313	0.360839844
31.667695313	0.365234375
31.667695313	0.366210937
31.667695313	0.366699219
31.667695313	0.363769531
31.667695313	0.368164062
31.667695313	0.370605469