Motion Sensor Data File Sep 17, 2020 11:01 AM
Time (s)	Distance (cm)	Dist Error (cm)
1.900	26.623	0.239
2.000	30.878	0.239
2.100	32.183	0.239
2.200	29.769	0.239
2.300	25.149	0.239
2.400	21.574	0.239
2.500	20.914	0.239
2.600	23.913	0.239
2.700	28.340	0.239
2.800	31.803	0.239
2.900	31.792	0.239
3.000	28.372	0.239
3.100	23.942	0.239
3.200	20.994	0.239
3.300	21.654	0.239
3.400	25.212	0.239
3.500	29.733	0.239
3.600	32.134	0.239
3.700	30.778	0.239
3.800	26.696	0.239
3.900	22.609	0.239
4.000	20.844	0.239
4.100	22.820	0.239
4.200	27.186	0.239
4.300	30.951	0.239
4.400	32.058	0.239
4.500	29.497	0.239
4.600	25.067	0.239
4.700	21.642	0.239
4.800	21.180	0.239
4.900	24.080	0.239
5.000	28.502	0.239
5.100	31.660	0.239
5.200	31.456	0.239
5.300	28.023	0.239
5.400	23.833	0.239
5.500	21.135	0.239
5.600	21.993	0.239
5.700	25.512	0.239
5.800	29.801	0.239
5.900	31.867	0.239
6.000	30.416	0.239
6.100	26.313	0.239
6.200	22.363	0.239
6.300	21.080	0.239
6.400	23.133	0.239
6.500	27.164	0.239
6.600	30.924	0.239
6.700	31.803	0.239
6.800	29.226	0.239
6.900	24.881	0.239
7.000	21.487	0.239
7.100	21.197	0.239
7.200	24.166	0.239
7.300	28.532	0.239
7.400	31.513	0.239
7.500	31.125	0.239
7.600	27.696	0.239
7.700	23.699	0.239
7.800	21.290	0.239
7.900	22.306	0.239
8.000	26.054	0.239
8.100	29.908	0.239
8.200	31.755	0.239
8.300	30.110	0.239
8.400	26.075	0.239
8.500	22.345	0.239
8.600	20.989	0.239
8.700	23.240	0.239
8.800	27.348	0.239
8.900	30.889	0.239
9.000	31.553	0.239
9.100	28.894	0.239
9.200	24.919	0.239
9.300	21.804	0.239
9.400	21.755	0.239
9.500	24.526	0.239
9.600	28.690	0.239
9.700	31.371	0.239
9.800	30.806	0.239
9.900	27.381	0.239
10.000	23.561	0.239
10.100	21.444	0.239
10.200	22.598	0.239
10.300	26.096	0.239
10.400	29.955	0.239
10.500	31.582	0.239
10.600	29.873	0.239
10.700	26.195	0.239
10.800	22.517	0.239
10.900	21.483	0.239
11.000	23.540	0.239
11.100	27.459	0.239
11.200	30.811	0.239
11.300	31.295	0.239
11.400	28.623	0.239
11.500	24.768	0.239
11.600	21.881	0.239
11.700	22.013	0.239
11.800	25.063	0.239
11.900	28.857	0.239
12.000	31.306	0.239
12.100	30.564	0.239
12.200	27.110	0.239
12.300	23.333	0.239
12.400	21.559	0.239
12.500	22.667	0.239
12.600	26.315	0.239
12.700	30.006	0.239
12.800	31.427	0.239
12.900	29.589	0.239
13.000	26.006	0.239
13.100	22.577	0.239
13.200	21.723	0.239
13.300	23.746	0.239
13.400	27.627	0.239
13.500	30.720	0.239
13.600	30.963	0.239
13.700	28.257	0.239
13.800	24.355	0.239
13.900	21.954	0.239
14.000	22.295	0.239
14.100	25.355	0.239
14.200	28.982	0.239
14.300	31.211	0.239
14.400	30.319	0.239
14.500	26.912	0.239
14.600	23.405	0.239
14.700	21.434	0.239
14.800	22.838	0.239
14.900	26.417	0.239
15.000	29.988	0.239
15.100	31.199	0.239
15.200	29.305	0.239
15.300	25.807	0.239
15.400	22.597	0.239
15.500	21.946	0.239
15.600	24.261	0.239
15.700	27.828	0.239
15.800	30.702	0.239
15.900	30.752	0.239
16.000	27.968	0.239
16.100	24.178	0.239
16.200	21.953	0.239
16.300	22.510	0.239
16.400	25.608	0.239
16.500	29.123	0.239
16.600	31.103	0.239
16.700	30.065	0.239
16.800	26.722	0.239
16.900	23.370	0.239
17.000	21.876	0.239
17.100	23.224	0.239
17.200	26.640	0.239
17.300	29.975	0.239
17.400	30.957	0.239
17.500	28.964	0.239
17.600	25.351	0.239
17.700	22.614	0.239
17.800	22.178	0.239
17.900	24.553	0.239
18.000	28.038	0.239
18.100	30.676	0.239
18.200	30.554	0.239
18.300	27.744	0.239
18.400	24.087	0.239
18.500	21.837	0.239
18.600	22.553	0.239
18.700	25.551	0.239
18.800	29.148	0.239
18.900	30.956	0.239
19.000	29.823	0.239
19.100	26.755	0.239
19.200	23.387	0.239
19.300	22.069	0.239
19.400	23.525	0.239
19.500	26.855	0.239
19.600	30.004	0.239
19.700	30.763	0.239
19.800	28.684	0.239
19.900	25.109	0.239
20.000	22.412	0.239
20.100	22.354	0.239
20.200	24.824	0.239
20.300	28.205	0.239
20.400	30.645	0.239
20.500	30.368	0.239
20.600	27.585	0.239
20.700	24.229	0.239
20.800	22.201	0.239
20.900	22.793	0.239
21.000	25.762	0.239
21.100	29.169	0.239
21.200	30.767	0.239
21.300	29.513	0.239
21.400	26.261	0.239
21.500	23.331	0.239
21.600	22.254	0.239
21.700	23.971	0.239
21.800	27.142	0.239
21.900	30.038	0.239
22.000	30.612	0.239
22.100	28.456	0.239
22.200	24.976	0.239
22.300	22.433	0.239
22.400	22.323	0.239
22.500	24.802	0.239
22.600	28.269	0.239
22.700	30.567	0.239
22.800	30.153	0.239
22.900	27.386	0.239
23.000	24.219	0.239
23.100	22.364	0.239
23.200	23.080	0.239
23.300	25.993	0.239
23.400	29.225	0.239
23.500	30.607	0.239
23.600	29.233	0.239
23.700	26.024	0.239
23.800	23.235	0.239
23.900	22.395	0.239
24.000	24.173	0.239
24.100	27.323	0.239
24.200	30.055	0.239
24.300	30.474	0.239
24.400	28.284	0.239
24.500	25.121	0.239
24.600	22.428	0.239
24.700	22.568	0.239
24.800	24.956	0.239
24.900	28.338	0.239
25.000	30.425	0.239
25.100	29.890	0.239
25.200	27.110	0.239
25.300	24.090	0.239
25.400	22.484	0.239
25.500	23.501	0.239
25.600	26.276	0.239
25.700	29.314	0.239
25.800	30.503	0.239
25.900	29.005	0.239
26.000	25.825	0.239
26.100	23.063	0.239
26.200	22.274	0.239
26.300	24.379	0.239
26.400	27.438	0.239
26.500	30.033	0.239
26.600	30.302	0.239
26.700	28.077	0.239
26.800	25.022	0.239
26.900	22.780	0.239