Motion Through Fluids Experiment Thu, Oct 29, 2020 10:27 AM
Time(sec)	Position(mm)
0.024	243.976
0.074	243.976
0.124	244.522
0.174	244.522
0.224	0.000
0.274	0.000
0.324	0.000
0.374	0.000
0.425	0.000
0.474	0.000
0.524	0.000
0.574	0.000
0.624	0.000
0.674	0.000
0.724	0.000
0.774	246.709
0.824	246.709
0.874	0.000
0.924	247.256
0.974	247.256
1.024	247.256
1.074	0.000
1.124	0.000
1.174	0.000
1.224	0.000
1.275	0.000
1.324	0.000
1.374	0.000
1.424	0.000
1.474	0.000
1.524	0.000
1.574	0.000
1.624	0.000
1.674	0.000
1.724	0.000
1.774	0.000
1.824	0.000
1.874	0.000
1.924	0.000
1.974	0.000
2.024	0.000
2.074	0.000
2.124	0.000
2.174	0.000
2.224	0.000
2.274	0.000
2.324	0.000
2.374	0.000
2.424	0.000
2.474	0.000
2.524	0.000
2.574	0.000
2.624	0.000
2.674	0.000
2.724	0.000
2.774	0.000
2.824	0.000
2.874	0.000
2.924	0.000
2.974	253.270
3.024	253.817
3.074	0.675
3.124	0.675
3.174	1.222
3.224	1.222
3.274	1.768
3.324	2.315
3.374	2.315
3.424	2.862
3.474	3.409
3.524	3.409
3.574	3.955
3.624	3.955
3.674	4.502
3.724	5.049
3.774	5.049
3.824	5.595
3.874	6.142
3.924	6.142
3.974	6.689
4.024	7.236
4.074	7.236
4.124	7.782
4.174	8.329
4.224	8.329
4.274	8.876
4.324	9.423
4.374	9.423
4.424	9.969
4.474	9.969
4.524	10.516
4.574	11.063
4.624	11.610
4.674	11.610
4.724	12.156
4.774	12.156
4.824	12.703
4.875	13.250
4.924	13.250
4.974	13.797
5.024	13.797
5.074	14.343
5.124	14.343
5.174	14.890
5.224	14.890
5.274	15.437
5.324	15.437
5.374	15.984
5.424	16.530
5.474	16.530
5.524	17.077
5.574	17.077
5.624	17.624
5.674	17.624
5.724	18.171
5.774	18.171
5.824	18.717
5.875	18.717
5.924	19.264
5.974	19.264
6.024	19.811
6.074	19.811
6.124	20.358
6.174	20.358
6.224	20.904
6.274	20.904
6.324	21.451
6.374	21.451
6.424	21.998
6.474	21.998
6.524	22.545
6.574	22.545
6.624	23.091
6.675	23.091
6.724	23.638
6.774	23.638
6.824	24.185
6.874	24.185
6.925	24.185
6.974	24.732
7.024	24.732
7.074	25.278
7.124	25.278
7.174	25.825
7.224	25.825
7.274	25.825
7.324	26.372
7.374	26.372
7.424	26.918
7.474	26.918
7.524	27.465
7.574	27.465
7.624	27.465
7.674	28.012
7.724	28.012
7.774	28.559
7.825	28.559
7.874	28.559
7.924	29.105
7.975	29.105
8.024	29.652
8.074	29.652
8.124	29.652
8.174	30.199
8.224	30.199
8.274	30.199
8.324	30.746
8.374	30.746
8.424	31.292
8.474	31.292
8.524	31.292
8.574	31.839
8.624	31.839
8.674	31.839
8.724	32.386
8.774	32.386
8.825	32.933
8.874	32.933
8.924	32.933
8.974	33.479
9.024	33.479
9.074	34.026
9.124	34.026
9.174	34.026
9.224	34.573
9.274	34.573
9.325	34.573
9.374	35.120
9.424	35.120
9.474	35.120
9.524	35.666
9.574	35.666
9.624	35.666
9.674	36.213
9.724	36.213
9.774	36.213
9.825	36.760
9.874	36.760
9.924	36.760
9.974	37.307
10.024	37.307
10.074	37.307
10.124	37.853
10.174	37.853
10.224	37.853
10.274	38.400
10.324	38.400
10.374	38.400
10.424	38.947
10.474	38.947
10.524	38.947
10.574	39.494
10.624	39.494
10.674	39.494
10.724	39.494
10.774	39.494
10.824	40.040
10.874	40.040
10.924	40.587
10.975	40.587
11.024	40.587
11.074	41.134
11.124	41.134
11.174	41.134
11.224	41.681
11.274	41.681
11.324	41.681
11.374	42.227
11.424	42.227
11.474	42.227
11.524	42.774
11.574	42.774
11.624	42.774
11.674	42.774
11.724	43.321
11.774	43.321
11.825	43.321
11.874	43.868
11.924	43.868
11.974	43.868
12.024	43.868
12.074	44.414
12.124	44.414
12.174	44.414
12.224	44.961
12.274	44.961
12.324	44.961
12.374	45.508
12.424	45.508
12.474	45.508
12.524	45.508
12.574	46.055
12.624	46.055
12.674	46.055
12.724	46.601
12.774	46.601
12.824	46.601
12.874	47.148
12.924	47.148
12.974	47.148
13.024	47.695
13.074	47.695
13.124	47.695
13.174	47.695
13.224	48.241
13.274	48.241
13.324	48.241
13.374	48.788
13.424	48.788
13.474	48.788
13.524	48.788
13.574	49.335
13.624	49.335
13.674	49.335
13.724	49.882
13.774	49.882
13.824	49.882
13.874	50.428
13.924	50.428
13.974	50.428
14.024	50.428
14.074	50.975
14.124	50.975
14.174	50.975
14.224	51.522
14.274	51.522
14.324	51.522
14.374	52.069
14.424	52.069
14.474	52.069
14.524	52.069
14.574	52.615
14.624	52.615
14.674	52.615
14.724	53.162
14.774	53.162
14.824	53.162
14.874	53.162
14.924	53.709
14.974	53.709
15.025	53.709
15.074	54.256
15.124	54.256
15.175	54.256
15.224	54.802
15.274	54.802
15.324	54.802
15.374	54.802
15.424	55.349
15.474	55.349
15.524	55.349
15.574	55.896
15.624	55.896
15.674	55.896
15.724	55.896
15.774	56.443
15.824	56.443
15.874	56.443
15.924	56.989
15.974	56.989
16.024	56.989
16.074	57.536
16.124	57.536
16.174	57.536
16.224	58.083
16.274	58.083
16.325	58.083
16.374	58.083
16.424	58.630
16.474	58.630
16.525	58.630
16.574	58.630
16.624	59.176
16.674	59.176
16.724	59.723
16.774	59.723
16.824	59.723
16.874	59.723
16.924	60.270
16.974	60.270
17.024	60.270
17.074	60.817
17.124	60.817
17.174	60.817
17.224	60.817
17.274	61.363
17.324	61.363
17.374	61.363
17.424	61.910
17.475	61.910
17.524	61.910
17.574	62.457
17.624	62.457
17.674	62.457
17.724	62.457
17.774	63.004
17.824	63.004
17.874	63.004
17.924	63.550
17.974	63.550
18.024	63.550
18.074	64.097
18.124	64.097
18.174	64.097
18.224	64.097
18.274	64.644
18.324	64.644
18.374	64.644
18.425	65.191
18.474	65.191
18.524	65.191
18.574	65.737
18.624	65.737
18.674	65.737
18.724	65.737
18.775	66.284
18.824	66.284
18.874	66.284
18.924	66.831
18.974	66.831
19.024	66.831
19.075	66.831
19.124	67.378
19.174	67.378
19.224	67.378
19.274	67.924
19.324	67.924
19.374	67.924
19.424	67.924
19.474	68.471
19.524	68.471
19.574	68.471
19.624	69.018
19.674	69.018
19.724	69.018
19.774	69.564
19.824	69.564
19.874	69.564
19.924	70.111
19.974	70.111
20.024	70.111
20.074	70.111
20.124	70.658
20.174	70.658
20.224	70.658
20.274	71.205
20.324	71.205
20.374	71.205
20.424	71.205
20.474	71.751
20.524	71.751
20.574	71.751
20.624	72.298
20.674	72.298
20.724	72.298
20.774	72.845
20.824	72.845
20.874	72.845
20.924	72.845
20.974	73.392
21.024	73.392
21.074	73.392
21.124	73.938
21.174	73.938
21.224	73.938
21.274	74.485
21.324	74.485
21.374	74.485
21.424	74.485
21.474	75.032
21.524	75.032
21.574	75.032
21.624	75.579
21.674	75.579
21.724	75.579
21.774	75.579
21.824	76.125
21.874	76.125
21.924	76.125
21.974	76.672
22.024	76.672
22.074	76.672
22.124	76.672
22.175	77.219
22.224	77.219
22.274	77.219
22.324	77.766
22.374	77.766
22.424	77.766
22.474	78.312
22.524	78.312
22.574	78.312
22.624	78.312
22.674	78.859
22.724	78.859
22.774	78.859
22.824	79.406
22.874	79.406
22.924	79.406
22.974	79.406
23.024	79.953
23.075	79.953
23.124	79.953
23.174	80.499
23.225	80.499
23.274	80.499
23.324	81.046
23.374	81.046
23.424	81.046
23.474	81.046
23.524	81.593
23.574	81.593
23.624	81.593
23.674	82.140
23.724	82.140
23.774	82.140
23.824	82.686
23.874	82.686
23.924	82.686
23.974	82.686
24.024	83.233
24.074	83.233
24.124	83.233
24.174	83.780
24.224	83.780
24.274	83.780
24.324	84.327
24.374	84.327
24.424	84.327
24.474	84.327
24.524	84.873
24.574	84.873
24.624	84.873
24.674	85.420
24.724	85.420
24.774	85.420
24.824	85.420
24.874	85.967
24.924	85.967
24.974	85.967