Motion Through Fluids Experiment Thu, Oct 29, 2020 10:20 AM
Time(sec)	Position(mm)
0.001	0.000
0.101	0.000
0.151	0.000
0.201	0.000
0.252	0.000
0.301	0.000
0.351	0.000
0.401	0.000
0.451	0.000
0.501	0.000
0.551	0.000
0.601	0.000
0.652	0.000
0.701	0.000
0.751	0.000
0.801	0.000
0.851	0.000
0.901	0.000
0.951	0.000
1.001	0.000
1.051	0.000
1.101	0.000
1.151	1.222
1.202	1.768
1.251	2.315
1.301	3.409
1.351	3.955
1.401	4.502
1.451	5.595
1.502	6.142
1.551	7.236
1.601	7.782
1.651	8.876
1.701	9.423
1.751	9.969
1.802	11.063
1.851	11.610
1.901	12.156
1.951	13.250
2.001	13.797
2.052	14.343
2.101	15.437
2.151	15.984
2.202	16.530
2.251	17.624
2.301	18.171
2.351	18.717
2.402	19.264
2.451	19.811
2.501	20.358
2.551	21.451
2.601	21.998
2.651	22.545
2.701	23.091
2.751	23.638
2.801	24.185
2.851	24.732
2.901	25.278
2.951	25.825
3.001	26.372
3.051	26.918
3.101	27.465
3.151	28.012
3.202	28.559
3.251	29.105
3.301	29.652
3.351	29.652
3.401	30.199
3.452	30.746
3.501	31.292
3.551	31.839
3.601	32.386
3.651	32.386
3.701	32.933
3.751	33.479
3.801	34.026
3.851	34.573
3.901	35.120
3.951	35.666
4.001	35.666
4.051	36.213
4.101	36.760
4.151	36.760
4.201	37.307
4.251	37.853
4.301	37.853
4.351	38.400
4.401	38.947
4.451	39.494
4.501	40.040
4.551	40.040
4.601	40.587
4.651	41.134
4.701	41.134
4.751	41.681
4.801	42.227
4.851	42.774
4.902	42.774
4.951	43.321
5.001	43.868
5.051	43.868
5.101	44.414
5.151	44.961
5.201	44.961
5.251	45.508
5.301	46.055
5.351	46.055
5.401	46.601
5.451	47.148
5.501	47.148
5.551	47.695
5.601	48.241
5.651	48.241
5.701	48.788
5.751	49.335
5.801	49.335
5.851	49.882
5.901	50.428
5.951	50.428
6.001	50.975
6.051	51.522
6.101	51.522
6.151	52.069
6.201	52.615
6.251	52.615
6.301	53.162
6.351	53.709
6.401	53.709
6.451	54.256
6.501	54.802
6.551	54.802
6.601	55.349
6.651	55.349
6.701	55.896
6.751	56.443
6.801	56.989
6.851	56.989
6.901	57.536
6.951	57.536
7.001	58.083
7.051	58.630
7.101	58.630
7.151	59.176
7.201	59.723
7.251	59.723
7.301	60.270
7.351	60.817
7.401	60.817
7.451	61.363
7.501	61.363
7.551	61.910
7.601	62.457
7.651	62.457
7.701	63.004
7.751	63.550
7.801	63.550
7.851	64.097
7.901	64.644
7.951	64.644
8.001	65.191
8.051	65.191
8.101	65.737
8.152	66.284
8.201	66.284
8.251	66.831
8.301	67.378
8.351	67.378
8.402	67.924
8.451	67.924
8.501	68.471
8.551	69.018
8.601	69.018
8.651	69.564
8.701	70.111
8.751	70.111
8.801	70.658
8.851	71.205
8.901	71.205
8.951	71.751
9.001	72.298
9.051	72.298
9.101	72.845
9.151	73.392
9.201	73.392
9.251	73.938
9.301	74.485
9.351	74.485
9.401	75.032
9.451	75.579
9.501	75.579
9.551	76.125
9.601	76.672
9.651	76.672
9.701	77.219
9.751	77.219
9.801	77.766
9.851	78.312
9.901	78.312
9.951	78.859
10.001	78.859
10.051	79.406
10.101	79.953
10.151	80.499
10.201	80.499
10.251	81.046
10.301	81.046
10.351	81.593
10.401	82.140
10.451	82.140
10.501	82.686
10.551	83.233
10.602	83.233
10.651	83.780
10.701	84.327
10.751	84.327
10.801	84.873
10.851	84.873
10.901	85.420
10.951	85.967
11.001	85.967
11.051	86.514
11.101	87.060
11.151	87.060
11.201	87.607
11.251	87.607
11.301	88.154
11.351	88.701
11.401	88.701
11.451	89.247
11.501	89.794
11.551	89.794
11.601	90.341
11.651	90.887
11.701	90.887
11.751	91.434
11.801	91.434
11.851	91.981
11.901	92.528
11.951	92.528
12.001	93.074
12.051	93.621
12.101	93.621
12.151	94.168
12.201	94.715
12.251	94.715
12.301	95.261
12.351	95.808
12.401	95.808
12.451	96.355
12.502	96.902
12.551	96.902
12.601	97.448
12.651	97.448
12.701	97.995
12.751	98.542
12.801	99.089
12.851	99.089
12.901	99.635
12.951	99.635
13.001	100.182
13.051	100.729
13.101	100.729
13.151	101.276
13.201	101.822
13.251	101.822
13.301	102.369
13.351	102.916
13.401	102.916
13.451	103.463
13.501	103.463
13.551	104.009
13.601	104.556
13.651	104.556
13.701	105.103
13.751	105.650
13.801	105.650
13.851	106.196
13.901	106.196
13.951	106.743
14.001	107.290
14.051	107.290
14.101	107.837
14.151	107.837
14.201	108.383
14.251	108.930
14.301	108.930
14.352	109.477
14.401	110.024
14.451	110.024
14.501	110.570
14.551	111.117
14.601	111.117
14.651	111.664
14.701	111.664
14.751	112.210
14.801	112.757
14.851	112.757
14.901	113.304
14.951	113.304
15.001	113.851
15.051	114.397
15.101	114.397
15.151	114.944
15.201	115.491
15.251	115.491
15.301	116.038
15.351	116.038
15.401	116.584
15.451	117.131
15.501	117.131
15.551	117.678
15.601	118.225
15.651	118.225
15.701	118.771
15.751	119.318
15.801	119.318
15.851	119.865
15.901	120.412
15.951	120.412
16.001	120.958
16.051	120.958
16.101	121.505
16.151	122.052
16.201	122.052
16.251	122.599
16.301	123.145
16.351	123.145
16.401	123.692
16.451	124.239
16.501	124.239
16.551	124.786
16.601	125.332
16.651	125.332
16.703	125.879
16.751	125.879
16.801	126.426
16.851	126.973
16.901	126.973
16.951	127.519
17.001	128.066
17.051	128.066
17.102	128.613
17.151	128.613
17.201	129.160
17.251	129.706
17.301	129.706
17.351	130.253
17.401	130.800
17.451	130.800
17.501	131.347
17.551	131.893
17.601	131.893
17.651	132.440
17.704	132.987
17.751	132.987
17.801	133.533
17.851	133.533
17.901	134.080
17.951	134.627
18.001	134.627
18.051	135.174
18.101	135.174
18.151	135.720
18.201	136.267
18.251	136.267
18.301	136.814
18.352	137.361
18.401	137.361
18.451	137.907
18.501	138.454
18.551	138.454
18.601	139.001
18.651	139.001
18.701	139.548
18.751	140.094
18.801	140.094
18.851	140.641
18.901	141.188
18.951	141.188
19.001	141.735
19.051	141.735
19.101	142.281
19.151	142.828
19.201	142.828
19.251	143.375
19.301	143.375
19.351	143.922
19.401	144.468
19.451	144.468
19.501	145.015
19.551	145.562
19.601	145.562
19.651	146.109
19.701	146.655
19.751	146.655
19.801	147.202
19.851	147.749
19.901	147.749
19.951	148.296
20.001	148.296
20.051	148.842
20.101	149.389
20.151	149.389
20.201	149.936
20.251	149.936
20.301	150.483
20.351	151.029
20.401	151.029
20.451	151.576
20.501	152.123
20.551	152.123
20.601	152.670
20.651	153.216
20.701	153.216
20.751	153.763
20.801	153.763
20.851	154.310
20.901	154.856
20.951	154.856
21.001	155.403
21.051	155.950
21.101	155.950
21.151	156.497
21.201	157.043
21.251	157.043
21.301	157.590
21.351	157.590
21.401	158.137
21.451	158.684
21.501	158.684
21.551	159.230
21.601	159.230
21.651	159.777
21.701	160.324
21.751	160.324
21.801	160.871
21.851	160.871
21.901	161.417
21.951	161.964
22.001	162.511
22.051	162.511
22.101	163.058
22.151	163.058
22.201	163.604
22.251	164.151
22.301	164.151
22.351	164.698
22.401	165.245
22.451	165.245
22.501	165.791
22.551	166.338
22.601	166.338
22.651	166.885
22.701	166.885
22.751	167.432
22.801	167.978
22.851	168.525
22.901	168.525
22.951	169.072
23.001	169.072
23.051	169.619
23.101	169.619
23.151	170.165
23.201	170.712
23.251	170.712
23.301	171.259
23.351	171.806
23.401	171.806
23.451	172.352
23.501	172.899
23.551	172.899
23.601	173.446
23.651	173.446
23.702	173.992
23.751	174.539
23.801	174.539
23.851	175.086
23.901	175.633
23.951	175.633
24.001	176.179
24.051	176.726
24.101	176.726
24.151	177.273
24.201	177.273
24.251	177.820
24.301	178.366
24.351	178.366
24.401	178.913
24.451	178.913
24.501	179.460
24.551	180.007
24.602	180.007
24.651	180.553
24.702	181.100
24.751	181.100
24.801	181.647
24.851	181.647
24.901	182.194
24.951	182.740
25.001	182.740